alpha=0.500000
beta=0.100000
ntopics=10
ndocs=171
nwords=1646
liter=500
