0.105769 0.471154 0.182692 0.009615 0.028846 0.048077 0.009615 0.009615 0.028846 0.105769 
0.004065 0.012195 0.004065 0.004065 0.004065 0.060976 0.451220 0.004065 0.451220 0.004065 
0.054167 0.012500 0.137500 0.037500 0.037500 0.045833 0.104167 0.004167 0.520833 0.045833 
0.020833 0.034722 0.409722 0.006944 0.020833 0.006944 0.229167 0.006944 0.215278 0.048611 
0.005618 0.005618 0.028090 0.106742 0.005618 0.005618 0.724719 0.005618 0.073034 0.039326 
0.002976 0.014881 0.514881 0.008929 0.050595 0.002976 0.008929 0.002976 0.383929 0.008929 
0.012397 0.020661 0.739669 0.053719 0.020661 0.078512 0.020661 0.004132 0.004132 0.045455 
0.012195 0.012195 0.207317 0.036585 0.012195 0.158537 0.524390 0.012195 0.012195 0.012195 
0.064706 0.041176 0.476471 0.005882 0.005882 0.005882 0.052941 0.005882 0.335294 0.005882 
0.027473 0.005495 0.005495 0.060440 0.005495 0.060440 0.005495 0.005495 0.752747 0.071429 
0.004630 0.004630 0.023148 0.004630 0.004630 0.023148 0.041667 0.004630 0.884259 0.004630 
0.004505 0.004505 0.049550 0.013514 0.031532 0.022523 0.049550 0.004505 0.815315 0.004505 
0.016129 0.016129 0.478495 0.005376 0.005376 0.123656 0.005376 0.005376 0.338710 0.005376 
0.005747 0.005747 0.074713 0.005747 0.017241 0.005747 0.005747 0.005747 0.867816 0.005747 
0.018072 0.042169 0.006024 0.006024 0.006024 0.006024 0.825301 0.018072 0.018072 0.054217 
0.006944 0.020833 0.020833 0.229167 0.006944 0.020833 0.062500 0.006944 0.618056 0.006944 
0.004854 0.004854 0.004854 0.082524 0.004854 0.014563 0.014563 0.004854 0.859223 0.004854 
0.133803 0.007042 0.035211 0.021127 0.007042 0.021127 0.711268 0.007042 0.007042 0.049296 
0.022059 0.022059 0.007353 0.036765 0.007353 0.007353 0.860294 0.022059 0.007353 0.007353 
0.138889 0.009259 0.046296 0.268519 0.009259 0.194444 0.009259 0.009259 0.268519 0.046296 
0.006667 0.060000 0.006667 0.006667 0.006667 0.006667 0.006667 0.006667 0.886667 0.006667 
0.034722 0.145833 0.006944 0.006944 0.006944 0.034722 0.645833 0.034722 0.076389 0.006944 
0.004310 0.004310 0.004310 0.004310 0.004310 0.004310 0.004310 0.952586 0.012931 0.004310 
0.024590 0.024590 0.008197 0.024590 0.008197 0.024590 0.024590 0.008197 0.795082 0.057377 
0.326087 0.021739 0.021739 0.021739 0.021739 0.152174 0.108696 0.021739 0.239130 0.065217 
0.008065 0.024194 0.024194 0.008065 0.008065 0.024194 0.233871 0.024194 0.637097 0.008065 
0.203704 0.067901 0.018519 0.030864 0.586420 0.018519 0.018519 0.006173 0.018519 0.030864 
0.010000 0.010000 0.010000 0.110000 0.010000 0.250000 0.090000 0.050000 0.330000 0.130000 
0.008475 0.059322 0.025424 0.144068 0.008475 0.245763 0.076271 0.008475 0.415254 0.008475 
0.005556 0.027778 0.005556 0.116667 0.027778 0.272222 0.027778 0.005556 0.505556 0.005556 
0.009615 0.009615 0.009615 0.009615 0.009615 0.701923 0.009615 0.028846 0.201923 0.009615 
0.021739 0.007246 0.007246 0.268116 0.210145 0.297101 0.007246 0.007246 0.108696 0.065217 
0.006579 0.006579 0.085526 0.006579 0.059211 0.388158 0.006579 0.006579 0.361842 0.072368 
0.006250 0.131250 0.343750 0.068750 0.006250 0.006250 0.018750 0.006250 0.356250 0.056250 
0.012295 0.004098 0.053279 0.061475 0.012295 0.012295 0.045082 0.004098 0.741803 0.053279 
0.005208 0.005208 0.005208 0.015625 0.005208 0.005208 0.005208 0.942708 0.005208 0.005208 
0.005435 0.016304 0.125000 0.114130 0.005435 0.407609 0.005435 0.027174 0.288043 0.005435 
0.202703 0.067568 0.094595 0.067568 0.013514 0.013514 0.256757 0.256757 0.013514 0.013514 
0.024510 0.004902 0.485294 0.181373 0.004902 0.151961 0.004902 0.073529 0.053922 0.014706 
0.007353 0.022059 0.007353 0.022059 0.066176 0.007353 0.036765 0.786765 0.036765 0.007353 
0.027273 0.154545 0.045455 0.554545 0.009091 0.045455 0.118182 0.009091 0.009091 0.027273 
0.006494 0.006494 0.019481 0.032468 0.006494 0.655844 0.006494 0.032468 0.123377 0.110390 
0.004762 0.004762 0.442857 0.100000 0.004762 0.004762 0.004762 0.033333 0.366667 0.033333 
0.004630 0.013889 0.041667 0.347222 0.004630 0.365741 0.097222 0.013889 0.097222 0.013889 
0.009615 0.067308 0.182692 0.240385 0.009615 0.009615 0.028846 0.009615 0.413462 0.028846 
0.113636 0.004545 0.068182 0.640909 0.004545 0.068182 0.004545 0.086364 0.004545 0.004545 
0.008621 0.025862 0.060345 0.094828 0.181034 0.370690 0.008621 0.008621 0.163793 0.077586 
0.018072 0.006024 0.042169 0.174699 0.006024 0.114458 0.030120 0.006024 0.246988 0.355422 
0.006757 0.006757 0.574324 0.074324 0.006757 0.020270 0.006757 0.006757 0.195946 0.101351 
0.191860 0.122093 0.017442 0.005814 0.156977 0.029070 0.017442 0.110465 0.029070 0.319767 
0.162921 0.140449 0.061798 0.005618 0.016854 0.005618 0.061798 0.061798 0.073034 0.410112 
0.005051 0.277778 0.005051 0.055556 0.247475 0.116162 0.025253 0.025253 0.237374 0.005051 
0.020833 0.070833 0.529167 0.037500 0.045833 0.029167 0.004167 0.004167 0.237500 0.020833 
0.532787 0.139344 0.073770 0.008197 0.073770 0.008197 0.057377 0.057377 0.024590 0.024590 
0.395833 0.020833 0.020833 0.062500 0.187500 0.020833 0.020833 0.104167 0.104167 0.062500 
0.006410 0.006410 0.044872 0.006410 0.006410 0.019231 0.019231 0.852564 0.006410 0.032051 
0.084158 0.054455 0.004950 0.034653 0.014851 0.004950 0.054455 0.717822 0.024752 0.004950 
0.007042 0.021127 0.007042 0.007042 0.007042 0.021127 0.007042 0.908451 0.007042 0.007042 
0.669118 0.139706 0.007353 0.007353 0.007353 0.007353 0.007353 0.007353 0.066176 0.080882 
0.006329 0.006329 0.006329 0.006329 0.006329 0.006329 0.006329 0.500000 0.082278 0.373418 
0.081250 0.081250 0.018750 0.043750 0.006250 0.006250 0.031250 0.693750 0.018750 0.018750 
0.004630 0.041667 0.004630 0.004630 0.004630 0.004630 0.023148 0.763889 0.115741 0.032407 
0.006024 0.030120 0.030120 0.006024 0.018072 0.644578 0.006024 0.006024 0.246988 0.006024 
0.011719 0.011719 0.011719 0.652344 0.027344 0.167969 0.097656 0.003906 0.011719 0.003906 
0.029167 0.029167 0.012500 0.495833 0.004167 0.145833 0.004167 0.020833 0.187500 0.070833 
0.034722 0.326389 0.034722 0.312500 0.020833 0.159722 0.048611 0.006944 0.048611 0.006944 
0.005376 0.016129 0.005376 0.005376 0.005376 0.790323 0.005376 0.080645 0.037634 0.048387 
0.003937 0.003937 0.035433 0.019685 0.003937 0.019685 0.003937 0.003937 0.893701 0.011811 
0.056701 0.706186 0.025773 0.046392 0.005155 0.005155 0.015464 0.077320 0.056701 0.005155 
0.021739 0.007246 0.442029 0.152174 0.007246 0.036232 0.021739 0.210145 0.094203 0.007246 
0.004425 0.004425 0.004425 0.685841 0.022124 0.154867 0.004425 0.057522 0.004425 0.057522 
0.071429 0.033333 0.004762 0.080952 0.014286 0.071429 0.061905 0.004762 0.004762 0.652381 
0.084906 0.047170 0.084906 0.009434 0.084906 0.009434 0.650943 0.009434 0.009434 0.009434 
0.307018 0.008772 0.008772 0.096491 0.008772 0.008772 0.482456 0.061404 0.008772 0.008772 
0.013889 0.004630 0.662037 0.004630 0.004630 0.004630 0.050926 0.004630 0.226852 0.023148 
0.006849 0.006849 0.006849 0.006849 0.020548 0.006849 0.006849 0.856164 0.020548 0.061644 
0.038043 0.777174 0.005435 0.005435 0.005435 0.005435 0.005435 0.135870 0.016304 0.005435 
0.006944 0.006944 0.034722 0.006944 0.006944 0.006944 0.090278 0.770833 0.020833 0.048611 
0.022727 0.250000 0.007576 0.022727 0.007576 0.477273 0.022727 0.007576 0.113636 0.068182 
0.007576 0.159091 0.007576 0.219697 0.037879 0.507576 0.007576 0.022727 0.022727 0.007576 
0.019737 0.019737 0.059211 0.006579 0.730263 0.006579 0.059211 0.006579 0.019737 0.072368 
0.011905 0.035714 0.059524 0.011905 0.559524 0.011905 0.154762 0.011905 0.130952 0.011905 
0.004717 0.193396 0.042453 0.419811 0.023585 0.023585 0.259434 0.004717 0.014151 0.014151 
0.127119 0.059322 0.076271 0.008475 0.025424 0.008475 0.635593 0.025424 0.008475 0.025424 
0.004717 0.004717 0.014151 0.485849 0.353774 0.080189 0.023585 0.004717 0.004717 0.023585 
0.187500 0.104167 0.354167 0.006944 0.006944 0.270833 0.006944 0.006944 0.034722 0.020833 
0.046053 0.046053 0.019737 0.480263 0.032895 0.256579 0.006579 0.006579 0.006579 0.098684 
0.047945 0.006849 0.198630 0.034247 0.006849 0.006849 0.445205 0.047945 0.198630 0.006849 
0.017647 0.005882 0.088235 0.076471 0.088235 0.158824 0.052941 0.029412 0.041176 0.441176 
0.007042 0.007042 0.035211 0.429577 0.176056 0.049296 0.063380 0.007042 0.190141 0.035211 
0.075221 0.004425 0.013274 0.623894 0.022124 0.004425 0.004425 0.119469 0.128319 0.004425 
0.004630 0.458333 0.004630 0.245370 0.115741 0.106481 0.004630 0.023148 0.004630 0.032407 
0.041667 0.647727 0.056818 0.064394 0.003788 0.003788 0.003788 0.162879 0.011364 0.003788 
0.004310 0.004310 0.021552 0.099138 0.004310 0.719828 0.004310 0.004310 0.125000 0.012931 
0.135417 0.010417 0.052083 0.052083 0.010417 0.031250 0.489583 0.010417 0.197917 0.010417 
0.011364 0.011364 0.488636 0.011364 0.147727 0.011364 0.056818 0.011364 0.056818 0.193182 
0.007813 0.039063 0.039063 0.523438 0.023438 0.195313 0.070313 0.007813 0.054688 0.039063 
0.830882 0.036765 0.036765 0.007353 0.007353 0.022059 0.007353 0.022059 0.022059 0.007353 
0.801471 0.066176 0.007353 0.007353 0.007353 0.022059 0.022059 0.007353 0.051471 0.007353 
0.185897 0.006410 0.019231 0.032051 0.044872 0.032051 0.647436 0.006410 0.019231 0.006410 
0.005155 0.087629 0.005155 0.788660 0.005155 0.005155 0.025773 0.015464 0.036082 0.025773 
0.014423 0.004808 0.024038 0.831731 0.014423 0.014423 0.004808 0.004808 0.004808 0.081731 
0.015306 0.239796 0.076531 0.331633 0.005102 0.045918 0.137755 0.025510 0.005102 0.117347 
0.085366 0.036585 0.012195 0.012195 0.012195 0.158537 0.451220 0.012195 0.207317 0.012195 
0.038136 0.021186 0.004237 0.004237 0.004237 0.004237 0.004237 0.063559 0.114407 0.741525 
0.006757 0.006757 0.006757 0.006757 0.006757 0.006757 0.006757 0.939189 0.006757 0.006757 
0.034884 0.220930 0.058140 0.034884 0.058140 0.034884 0.011628 0.500000 0.034884 0.011628 
0.102410 0.259036 0.090361 0.006024 0.006024 0.030120 0.018072 0.463855 0.006024 0.018072 
0.006757 0.547297 0.006757 0.006757 0.006757 0.006757 0.033784 0.358108 0.020270 0.006757 
0.507353 0.007353 0.051471 0.007353 0.036765 0.007353 0.022059 0.007353 0.036765 0.316176 
0.005376 0.360215 0.037634 0.112903 0.005376 0.112903 0.069892 0.263441 0.026882 0.005376 
0.005319 0.037234 0.005319 0.888298 0.005319 0.005319 0.037234 0.005319 0.005319 0.005319 
0.008621 0.008621 0.008621 0.025862 0.008621 0.456897 0.043103 0.008621 0.146552 0.284483 
0.024510 0.024510 0.014706 0.181373 0.161765 0.171569 0.112745 0.024510 0.250000 0.034314 
0.759259 0.006173 0.030864 0.067901 0.018519 0.006173 0.018519 0.055556 0.030864 0.006173 
0.021739 0.065217 0.021739 0.586957 0.021739 0.108696 0.021739 0.065217 0.021739 0.065217 
0.015000 0.005000 0.025000 0.425000 0.005000 0.295000 0.035000 0.005000 0.185000 0.005000 
0.020833 0.029167 0.004167 0.070833 0.462500 0.020833 0.020833 0.004167 0.345833 0.020833 
0.315534 0.286408 0.004854 0.004854 0.004854 0.024272 0.004854 0.208738 0.024272 0.121359 
0.020000 0.006667 0.020000 0.393333 0.086667 0.340000 0.020000 0.006667 0.086667 0.020000 
0.764368 0.120690 0.017241 0.005747 0.005747 0.005747 0.017241 0.005747 0.040230 0.017241 
0.018519 0.006173 0.166667 0.314815 0.018519 0.179012 0.006173 0.006173 0.240741 0.043210 
0.051471 0.036765 0.022059 0.522059 0.110294 0.007353 0.007353 0.066176 0.169118 0.007353 
0.004310 0.004310 0.004310 0.866379 0.004310 0.004310 0.012931 0.004310 0.047414 0.047414 
0.005682 0.005682 0.017045 0.017045 0.153409 0.482955 0.164773 0.005682 0.085227 0.062500 
0.079439 0.752336 0.014019 0.088785 0.004673 0.004673 0.032710 0.004673 0.004673 0.014019 
0.030488 0.006098 0.006098 0.518293 0.006098 0.018293 0.359756 0.042683 0.006098 0.006098 
0.007246 0.007246 0.007246 0.210145 0.021739 0.065217 0.050725 0.007246 0.471014 0.152174 
0.117886 0.004065 0.093496 0.117886 0.028455 0.589431 0.012195 0.012195 0.004065 0.020325 
0.024752 0.084158 0.004950 0.014851 0.688119 0.004950 0.044554 0.064356 0.004950 0.064356 
0.003623 0.010870 0.003623 0.126812 0.583333 0.228261 0.003623 0.018116 0.010870 0.010870 
0.772222 0.061111 0.050000 0.005556 0.005556 0.005556 0.050000 0.038889 0.005556 0.005556 
0.014851 0.004950 0.044554 0.797030 0.064356 0.054455 0.004950 0.004950 0.004950 0.004950 
0.038462 0.005495 0.049451 0.521978 0.346154 0.005495 0.005495 0.005495 0.005495 0.016484 
0.033654 0.024038 0.418269 0.225962 0.024038 0.004808 0.004808 0.206731 0.004808 0.052885 
0.112500 0.337500 0.037500 0.087500 0.262500 0.012500 0.037500 0.012500 0.062500 0.037500 
0.004950 0.549505 0.004950 0.044554 0.024752 0.202970 0.123762 0.034653 0.004950 0.004950 
0.083333 0.019841 0.027778 0.059524 0.011905 0.011905 0.003968 0.011905 0.083333 0.686508 
0.082090 0.067164 0.007463 0.410448 0.052239 0.067164 0.097015 0.052239 0.067164 0.097015 
0.006757 0.020270 0.020270 0.006757 0.033784 0.263514 0.006757 0.060811 0.547297 0.033784 
0.226316 0.163158 0.394737 0.005263 0.047368 0.078947 0.005263 0.047368 0.005263 0.026316 
0.733607 0.004098 0.110656 0.004098 0.004098 0.004098 0.069672 0.004098 0.004098 0.061475 
0.021429 0.007143 0.007143 0.092857 0.621429 0.007143 0.064286 0.021429 0.150000 0.007143 
0.003521 0.010563 0.679577 0.010563 0.003521 0.010563 0.017606 0.010563 0.250000 0.003521 
0.044118 0.053922 0.112745 0.004902 0.004902 0.034314 0.004902 0.671569 0.063725 0.004902 
0.090643 0.078947 0.038012 0.476608 0.119883 0.073099 0.026316 0.020468 0.049708 0.026316 
0.035211 0.049296 0.007042 0.753521 0.119718 0.007042 0.007042 0.007042 0.007042 0.007042 
0.015625 0.494792 0.067708 0.005208 0.005208 0.005208 0.057292 0.338542 0.005208 0.005208 
0.243056 0.034722 0.229167 0.006944 0.006944 0.062500 0.201389 0.048611 0.076389 0.090278 
0.004950 0.044554 0.004950 0.539604 0.014851 0.282178 0.004950 0.024752 0.004950 0.074257 
0.013043 0.004348 0.013043 0.691304 0.039130 0.013043 0.013043 0.013043 0.013043 0.186957 
0.005682 0.005682 0.028409 0.005682 0.005682 0.096591 0.017045 0.028409 0.085227 0.721591 
0.851563 0.023438 0.007813 0.054688 0.007813 0.007813 0.023438 0.007813 0.007813 0.007813 
0.825000 0.005000 0.005000 0.005000 0.005000 0.045000 0.065000 0.005000 0.035000 0.005000 
0.005102 0.005102 0.005102 0.831633 0.015306 0.005102 0.096939 0.015306 0.015306 0.005102 
0.592308 0.007692 0.023077 0.053846 0.161538 0.007692 0.115385 0.023077 0.007692 0.007692 
0.835366 0.030488 0.018293 0.006098 0.030488 0.030488 0.006098 0.006098 0.006098 0.030488 
0.087629 0.015464 0.005155 0.695876 0.118557 0.015464 0.015464 0.015464 0.025773 0.005155 
0.033333 0.020000 0.020000 0.713333 0.020000 0.006667 0.086667 0.006667 0.006667 0.086667 
0.004167 0.020833 0.495833 0.037500 0.004167 0.012500 0.104167 0.029167 0.187500 0.104167 
0.006024 0.018072 0.030120 0.138554 0.018072 0.524096 0.090361 0.006024 0.162651 0.006024 
0.015306 0.035714 0.005102 0.045918 0.056122 0.066327 0.025510 0.005102 0.025510 0.719388 
0.017241 0.005747 0.143678 0.178161 0.178161 0.293103 0.005747 0.005747 0.155172 0.017241 
0.046763 0.111511 0.010791 0.658273 0.003597 0.003597 0.046763 0.003597 0.025180 0.089928 
0.026596 0.005319 0.005319 0.654255 0.005319 0.090426 0.026596 0.015957 0.005319 0.164894 
0.080247 0.018519 0.006173 0.500000 0.006173 0.240741 0.030864 0.018519 0.006173 0.092593 
0.016854 0.005618 0.005618 0.016854 0.005618 0.005618 0.084270 0.005618 0.196629 0.657303 
0.033019 0.004717 0.448113 0.004717 0.004717 0.033019 0.014151 0.061321 0.259434 0.136792 
0.020661 0.690083 0.037190 0.119835 0.061983 0.045455 0.012397 0.004132 0.004132 0.004132 
0.070652 0.016304 0.027174 0.016304 0.625000 0.016304 0.038043 0.016304 0.081522 0.092391 
0.030120 0.150602 0.006024 0.379518 0.006024 0.006024 0.114458 0.102410 0.114458 0.090361 
